24,105
24,15
24,14
24,13
24,12
24,11
24,10
24,9
24,8
24,7
24,6
24,5
24,4
24,3
24,2
24,1
24,0
23,4
23,3
23,2
23,1
23,0
22,8
22,7
22,6
22,5
22,4
22,3
22,2
22,1
22,0
21,5
21,4
21,3
21,2
21,1
21,0
20,4
20,3
20,2
20,1
20,0
19,5
19,4
19,3
19,2
19,1
19,0
18,5
18,4
18,3
18,2
18,1
18,0
17,5
17,4
17,3
17,2
17,1
17,0
16,5
16,4
16,3
16,2
16,1
16,0
15,6
15,5
15,4
15,3
15,2
15,1
15,0
4,3
4,2
4,1
4,0
3,6
3,5
3,4
3,3
3,2
3,1
3,0
2,5
2,4
2,3
2,2
2,1
2,0
1,3
1,2
1,1
1,0
0,446
0,439
0,433
0,431
0,430
0,429
0,412
0,408
0,371
0,361
0,356
0,345
0,323
0,322
0,316
0,315
0,312
0,243
0,9
0,310
0,305
0,308
0,304
0,303
0,302
0,307
0,12
0,10
0,8
0,0
0,329
0,300
0,403
0,299
0,442
0,298
0,352
0,297
0,443
0,296
0,404
0,295
0,440
0,294
0,417
0,293
0,370
0,292
0,367
0,291
0,326
0,290
0,319
0,289
0,385
0,288
0,333
0,287
0,384
0,286
0,342
0,285
0,313
0,284
0,325
0,283
0,437
0,282
0,400
0,281
0,435
0,280
0,366
0,279
0,324
0,278
0,338
0,277
0,348
0,276
24,16
24,17
24,19
24,20
24,22
24,23
24,25
24,27
24,28
24,30
24,31
24,33
24,35
24,36
24,64
24,65
24,67
24,68
24,70
24,72
24,73
24,75
24,76
24,78
24,80
24,81
24,83
24,84
24,86
24,87
24,89
24,91
24,92
24,94
24,95
24,97
24,99
24,100
24,102
24,103
25,0
25,1
25,3
25,5
26,0
26,2
26,3
26,5
26,7
26,6
26,4
26,1
25,4
25,2
24,104
24,101
24,98
24,96
24,93
24,90
24,88
24,85
24,82
24,79
24,77
24,74
24,71
24,69
24,66
24,37
24,34
24,32
24,29
24,26
24,24
24,21
24,18
0,419
0,275
0,420
0,274
0,432
0,273
0,414
0,272
0,344
0,271
0,415
0,270
0,269
0,436
0,268
0,421
0,267
0,266
0,357
0,265
0,362
0,264
0,341
0,263
0,398
0,262
0,363
0,261
0,434
0,260
0,380
0,259
0,317
0,258
0,416
0,257
0,256
0,379
0,255
0,407
0,254
0,353
0,253
0,343
0,252
0,396
0,251
0,350
0,250
0,330
0,249
0,378
0,248
0,306
0,247
0,311
0,246
0,391
0,245
0,382
0,244
0,364
0,242
0,418
0,241
0,318
0,240
0,377
0,239
0,336
0,238
0,347
0,237
0,334
0,236
0,394
0,235
0,413
0,234
0,426
0,233
0,337
0,232
0,428
0,231
0,423
0,230
0,406
0,229
0,332
0,228
0,321
0,227
0,358
0,226
0,402
0,225
0,349
0,224
0,381
0,223
0,339
0,222
0,354
0,221
0,369
0,220
0,427
0,219
0,397
0,218
0,411
0,217
0,301
0,216
0,392
0,215
0,214
0,399
0,213
0,410
0,212
0,331
0,211
0,314
0,210
0,376
0,209
0,383
0,208
0,441
0,207
0,395
0,206
0,405
0,205
0,390
0,204
0,375
0,203
0,401
0,202
0,374
0,201
0,389
0,200
0,409
0,199
0,393
0,198
0,447
0,197
0,388
0,196
0,359
0,195
0,335
0,194
0,373
0,193
0,320
0,192
0,444
0,63
0,309
0,62
0,368
0,61
0,60
0,387
0,59
0,355
0,58
0,328
0,57
0,372
0,56
0,340
0,55
0,365
0,54
0,386
0,53
0,425
0,52
0,346
0,51
0,360
0,50
0,445
0,49
0,424
0,48
0,438
0,47
0,422
0,46
0,327
0,45
0,351
0,6
0,5
0,1
0,11
0,4
0,2
0,3
0,7
